,Values of W
0,6.521483620164698
1,52.199883473595584
2,106.0
3,23.821663325148553
4,53.36547444583523
5,62.0
6,46.01813258120264
7,8.28932404015639
8,84.15899859053478
9,71.27590810993654
10,128.0
11,58.76579804230975
12,20.84559368011798
13,128.0
14,23.542362588811145
15,10.544224050520121
16,6.424630947887581
17,106.0
18,7.14657894298835
19,6.249213042302824
20,47.85357284652595
21,52.30014672104262
22,7.327439458657967
23,34.78288328991138
24,75.86404512677134
25,27.157983005839796
26,25.27550311560694
27,35.93922568053561
28,8.797982634608347
29,40.36958669277823
30,84.0
31,6.916016537311457
32,80.20862060339505
33,74.79729451624628
34,14.89810397583787
35,14.017596823067585
36,128.0
37,6.921848041550689
38,39.476916618839866
39,16.483306747998324
40,17.323995460005698
41,128.0
42,49.43075822465181
43,20.28387961675665
44,8.90526927087777
45,48.906055419494194
46,63.99902896095175
47,6.685437825890111
48,27.987790191951024
49,48.28903657686498
50,56.517692580625116
51,7.6820561182180365
52,59.23349031701958
53,106.0
54,106.0
55,14.37687144873394
56,13.917296882317611
57,84.0
58,29.35000629624283
59,18.032569497600868
60,42.109899181072876
61,6.631662942028848
62,12.368189054766232
63,52.175065435027065
64,52.337443504073185
65,7.402014955658429
66,29.930886817041582
67,19.781571181680622
68,9.473688499839664
69,9.214084218071529
70,11.343160567138288
71,8.241224237909242
72,31.296912675100074
73,29.9390453458116
74,8.524281246363449
75,11.151914117053536
76,74.62215641888321
77,41.93630778623632
78,49.060160623478396
79,77.36757693589931
80,45.383028782248914
81,9.666116671067494
82,39.15302752244091
83,20.63454598576295
84,82.16354284284913
85,52.9078615044406
86,62.0
87,64.63187078274356
88,49.77457451837785
89,7.694807670549286
90,18.090101969757708
91,88.1447037234345
92,19.599350127036818
93,10.774921212204909
94,59.9975711730091
95,16.04086528025158
96,48.00329773002544
97,11.37922671550961
98,69.78974273910922
99,15.941716388409574
100,15.540538408271892
101,94.32061595410181
102,21.1284272271883
103,78.8929162821192
104,6.521005534419956
105,7.241947166054065
106,50.43266056379506
107,7.07757484814882
108,106.0
109,84.0
110,7.76926849330002
111,8.089023652320968
112,6.1292334343573724
113,106.0
114,8.95927444692315
115,106.0
116,81.7071274921513
117,128.0
118,41.990062414052105
119,9.539784100651149
120,16.66267982451634
121,62.05329590934783
122,7.2405257500513205
123,44.30578108984023
124,40.21234654080093
125,29.489227967418326
126,23.81238492583573
127,6.817018091586051
128,9.014112226138405
129,44.620005389814814
130,108.57083214418115
131,42.613681414747454
132,24.905408975823164
133,106.0
134,58.63475137249589
135,22.821164869789563
136,57.566955580575964
137,50.58432333342655
138,54.043579349662
139,9.915482163807052
140,58.63210749912852
141,14.426657165284695
142,118.48378588726854
143,71.73578857541261
144,83.15993282244217
145,106.0
146,48.47434053197584
147,7.989194882357961
148,41.47197657238988
149,80.54156729389557
150,8.121975418359966
151,25.38690579913873
152,42.223132012955794
153,47.31060977157113
154,23.666165069191525
155,39.4029410840563
156,41.032958115817635
157,90.38915092319488
158,17.01603778864212
159,64.45417051077294
160,76.81243762994347
161,8.6695543149059
162,6.8942968956795365
163,6.755239377249512
164,8.932475268626467
165,41.696849707717064
166,6.746175307002484
167,43.536342533059894
168,106.0
169,69.19219695515437
170,13.92704109722575
171,52.9173744272327
172,54.33461607774768
173,26.70309027391615
174,8.580794575455291
175,7.118608075016426
176,57.3572427290365
177,10.14101588068684
178,7.211423764813815
179,26.594357181042568
180,6.316703729354271
181,12.285823244245014
182,21.711809954154734
183,16.76948281815951
184,53.65565446589005
185,73.59858206729717
186,24.084752657693656
187,14.931011552208478
188,84.0
189,53.97855617350929
190,9.754045599161325
191,18.368623847196787
192,48.13189134640944
193,42.03265079811817
194,59.22436137021187
195,58.14841734044545
196,11.480850267186213
197,37.60390861697889
198,84.0
199,24.36878194276524
200,22.185931181700987
201,6.946292100425051
202,9.385111926121073
203,8.425038313293586
204,13.940873747354969
205,45.56892022435663
206,52.86191974660286
207,26.49190949401005
208,8.3728217804845
209,7.080880398740055
210,19.213007217517347
211,15.433560642660746
212,57.44230329692289
213,27.870007329388027
214,8.273490639168598
215,16.206198732025452
216,128.0
217,117.82251970257671
218,16.49208268768922
219,84.0
220,26.506098818907837
221,76.86569514851276
222,12.847214402388111
223,106.0
224,84.0
225,10.187907638236364
226,71.79837435263894
227,106.1439897462424
228,121.37861818802007
229,19.517736436922554
230,9.450720115071064
231,7.270716235308877
232,26.08771720286006
233,51.91319862431396
234,19.466164665614176
235,44.954931840478274
236,43.11512150291958
237,34.97671005391392
238,40.0
239,12.789362716793677
240,7.805821491492257
241,20.238501935168163
242,106.0
243,82.310504788922
244,77.77785051004139
245,7.484721564757681
246,57.092619051728164
247,97.53683445445868
248,17.088730344628935
249,9.61329575503223
250,47.00407643435618
251,24.903486176222835
252,106.0
253,10.396066638431506
254,74.70127550746446
255,6.487682125764489
256,9.845524397740576
257,19.47544812815213
258,32.18804783269425
259,53.30543214462945
260,10.794700349697518
261,60.60315055831231
262,12.923753876031789
263,46.71047502226823
264,21.257343754779537
265,11.204207309027906
266,9.929319554855432
267,6.78286363142916
268,42.994583373796786
269,6.73458717176724
270,16.290115606817782
271,28.79948544515503
272,27.815185616236782
273,24.484074428973756
274,15.78447297463183
275,6.898736352636609
276,106.0
277,19.514065546350004
278,86.08197057011603
279,8.120118112269484
280,7.961024461840422
281,29.675225727470593
282,59.49099216422429
283,76.35045827931863
284,8.03477435604529
285,9.789021726719637
286,27.659116389385055
287,88.76887635780857
288,17.564445423705415
289,19.870530236835034
290,84.0
291,29.14037733508787
292,12.50201158303777
293,44.91625713524038
294,25.624158186627483
295,7.397179668283493
296,12.106614676593889
297,22.421390002583422
298,54.91900570557756
299,84.0
300,60.140402577052356
301,13.566512071029456
302,24.08295694943304
303,84.0
304,39.662375787555476
305,48.34440798008508
306,20.78425942116128
307,22.227981313806346
308,98.6591394098891
309,86.13945906846392
310,24.722594827582434
311,25.194550788593556
312,77.33957589673773
313,49.68110819684235
314,20.16133041571093
315,36.41332932873894
316,21.452262668089563
317,15.418900411729442
318,39.821795225935986
319,6.030434068228196
320,106.0
321,44.28087759480094
322,11.891387988807185
323,53.48974625527593
324,29.273989965814014
325,38.78012765330514
326,46.28960100359062
327,43.872107034561694
328,21.19839638209503
329,6.915621283649148
330,17.603869325829073
331,10.508179167598456
332,16.591256805887944
333,15.20940017636194
334,89.07727866563486
335,10.41655336834011
336,23.822067590144297
337,84.0
338,10.63764211640171
339,21.455178466920216
340,50.405556335438284
341,6.76421272584819
342,46.548112308600054
343,13.950637133717416
344,44.66044230269938
345,8.21135579237249
346,43.032539389939075
347,13.090704811383901
348,8.435688388963568
349,15.078954514601842
350,9.994786999514801
351,14.190996728405143
352,12.420444773997158
353,58.76109079999258
354,48.801347817986034
355,14.607052901892969
356,54.08301971986825
357,50.646018622998426
358,10.408090091775733
359,7.124538890666171
360,62.0
361,12.093676834057497
362,14.155718282384091
363,51.40473754614841
364,14.696104668855428
365,38.581971436213635
366,6.259406031729112
367,52.558227736890444
368,20.029802587414064
369,73.58388639852114
370,24.817093839397707
371,18.807465053118356
372,12.514294565095199
373,17.878349312621783
374,7.8194510805204835
375,21.597200201532942
376,48.59900481150692
377,26.3244112670334
378,39.73229763552296
379,10.907172455156164
380,18.170585962361834
381,83.05466754193596
382,48.370121102810664
383,22.613214233190213
384,17.237272944980752
385,28.112689975506903
386,48.17002205282627
387,20.010071795332525
388,22.020574310265452
389,58.8019143718421
390,70.62770705177702
391,9.529336652190064
392,37.825254056186495
393,75.32745132857791
394,59.43009616358831
395,12.883391991859979
396,27.623871137852195
397,106.0
398,51.578610749027476
399,106.0
400,21.51173526692599
401,43.5219739680181
402,18.039558722743323
403,58.09892341621083
404,49.013767467195066
405,32.71303220385649
406,28.052142223101153
407,63.48128393681433
408,12.352634332378837
409,48.559120870046264
410,57.29194209987423
411,84.93683736048605
412,18.04205586144758
413,106.0
414,25.783024632983516
415,104.42896092578842
416,57.16707070121025
417,6.373048496382552
418,16.265020548476237
419,22.02614840229081
420,13.212157116008525
421,18.206843417682165
422,111.88587266371904
423,21.757659080246423
424,15.590925357333969
425,13.425109678301201
426,8.150526675020359
427,12.845756607570937
428,38.53191062580705
429,106.0
430,56.8149870920513
431,45.79168740265276
432,14.128290936338779
433,15.557987349531086
434,53.0187612420964
435,20.742526650603814
436,24.68300447172248
437,19.270639287488617
438,62.650272183693545
439,7.183200477718518
440,84.0
441,16.988578541069703
442,9.053959006046437
443,6.682723968242993
444,81.08965304892189
445,8.348635527062763
446,15.526759510758254
447,46.53592581757749
448,34.61371021247558
449,60.469719813133864
450,10.291797619573348
451,56.51308249505472
452,84.0
453,14.75406939031597
454,41.02812603545338
455,15.80310941260655
456,18.825409630881612
457,9.166429798822625
458,84.0
459,21.963657302003824
460,7.989302942277186
461,128.0
462,39.59484559308523
463,8.815797261681176
464,93.6726506508641
465,27.533525911138256
466,34.05556817095879
467,53.256037916593364
468,114.00315955079682
469,24.051858806501375
470,11.103489317295253
471,6.012824232911655
472,21.49940313146481
473,70.69144926714571
474,128.0
475,11.618529644694174
476,6.014932382519317
477,41.1277529104632
478,41.773464194089385
479,45.660096625690166
480,19.38875417625021
481,16.02037898999917
482,69.21363031651217
483,72.68305674791246
484,18.447668901441073
485,76.7348372736547
486,42.80467047404399
487,12.39889096830402
488,106.0
489,8.123068085652637
490,16.864552897614523
491,12.757164355690499
492,46.44681451443303
493,72.13564091582599
494,62.924037329843614
495,21.959943745407667
496,106.0
497,128.0
498,128.0
499,28.91146631624325
500,48.83018938795347
501,19.612152555970766
502,40.299096265345014
503,11.242408131243225
504,54.8219709938505
505,77.36619749342245
506,9.151658366967855
507,78.59786532966626
508,6.183587150473031
509,53.24155790156277
510,62.0
511,62.0
512,17.436730043286406
513,19.88013198311927
514,9.621835491465283
515,13.830129001567695
516,84.0
517,8.862541604618137
518,79.79461589028878
519,6.802130845857214
520,61.804517039860485
521,10.672321686465706
522,39.5776045861357
523,17.048201435039545
524,72.30096328008436
525,89.52634798430779
526,7.49042151434257
527,27.409363231268866
528,18.705632855800925
529,128.0
530,12.17472986081884
531,16.273509294129227
532,13.226025217441332
533,47.865232429294544
534,6.920562890400033
535,16.74941762520713
536,79.82052957327673
537,84.0
538,7.667108747864345
539,35.844112897266555
540,9.927033380908783
541,23.573910079823094
542,27.27258944467155
543,40.26795941067703
544,14.220384053941666
545,20.088512934752682
546,44.718960543174205
547,22.70406514935669
548,6.7133874709586125
549,6.718635284453327
550,89.52681395848512
551,44.36383169973658
552,11.886452702061025
553,83.37149072325631
554,40.628682029702524
555,45.59440744727852
556,27.19487403268917
557,11.748934549514178
558,23.298792676713155
559,50.17843666319533
560,12.241231595646374
561,19.38377293605712
562,6.712027301259794
563,45.05735907575871
564,10.93296986810699
565,8.815334209394798
566,23.27947518258752
567,72.8780951874947
568,84.0
569,115.58144964187251
570,106.0
571,7.8418457123100325
572,47.81451261154338
573,7.142046859560931
574,84.0
575,18.394571469676805
576,33.34886192805607
577,12.46696404884216
578,84.0
579,23.993074453809616
580,10.053809283822503
581,20.85286221023432
582,59.966123864958234
583,50.34529563762865
584,43.466114817191595
585,79.7803354715739
586,13.925446047784254
587,84.0
588,7.800395261964276
589,7.74499683330758
590,62.0
591,71.18517865841741
592,25.313438056074954
593,83.5720838431165
594,10.317091274401017
595,10.233159306441468
596,14.259315003904184
597,19.798905545249575
598,43.06251622577736
599,36.80813467435719
600,23.03709979059036
601,30.127630346296563
602,55.15644225299531
603,21.824915492838937
604,12.935007775965687
605,92.0638029224858
606,24.249214592116708
607,114.56865651221824
608,7.985413398094106
609,18.48440732002943
610,26.20498757372375
611,6.025386942530072
612,55.6439001306601
613,6.6353305417099415
614,17.946289171903018
615,13.994581822071247
616,72.36702155356784
617,8.025557890648688
618,6.223628470497962
619,41.34779150396963
620,19.560741151218537
621,39.20668107942712
622,40.501592341831255
623,47.03824845000574
624,52.0373921843946
625,87.70219531418063
626,24.831411584930983
627,106.0
628,25.2231400584553
629,19.182431971596387
630,6.0675727088511735
631,53.375125242478056
632,43.36876782508972
633,14.077930395391407
634,10.387485827179248
635,100.3633188955813
636,13.024105744924375
637,14.090321061592663
638,55.04300762560879
639,34.78106346110502
640,6.881185426358987
641,25.054409130864034
642,115.59536993320279
643,49.546008195033636
644,62.0
645,37.15958040986468
646,11.50936123452113
647,21.29438638925142
648,23.08822545545665
649,14.130093441824789
650,28.661124853762658
651,45.11392771519144
652,17.07674164067877
653,10.791151346122644
654,53.75529072414038
655,57.038831771861794
656,106.0
657,21.31887899408988
658,16.711638709661433
659,20.579975224872758
660,105.43498528731764
661,106.0
662,23.55658949645485
663,106.0
664,56.14992324549107
665,128.0
666,54.81447217580682
667,11.766537994464375
668,41.667235117670245
669,106.0
670,21.730914088476965
671,9.807994062687463
672,25.429354320793564
673,19.06979294890741
674,45.20230880448282
675,25.30722895766754
676,51.70559606099391
677,74.97530381025925
678,29.30296995438488
679,75.7606179884243
680,7.797417198576512
681,52.60615309929715
682,15.20111941893555
683,49.48479196933665
684,15.114123382784808
685,16.47125030089564
686,89.7156167259969
687,27.307854019904394
688,46.27590810339429
689,26.072590022766843
690,15.679614838392144
691,15.261581906065654
692,8.4075702463461
693,106.0
694,73.45352771799116
695,17.85250977431158
696,44.01377206030218
697,10.78719408001181
698,6.554229976071795
699,106.0
700,42.12641584550816
701,12.525170770202042
702,8.82332436674291
703,77.45433987059515
704,10.345199561023758
705,55.58231976740903
706,9.27046233434859
707,108.36165361540762
708,106.0
709,19.072260451307674
710,10.140110937433896
711,9.292485657566722
712,46.85532454968137
713,6.902980035473772
714,16.336836857298266
715,57.09075172094239
716,20.096004760100143
717,22.315540021542763
718,81.0667630445326
719,11.482151323090726
720,10.070505921502036
721,11.041036839318165
722,22.546162903507412
723,13.732423706425685
724,13.445354233873612
725,21.159798103036838
726,106.0
727,84.0
728,12.194963885335953
729,29.689265284590455
730,106.0
731,22.97349915197384
732,18.361440368981672
733,110.27773292091607
734,17.196705585575923
735,19.616138321131963
736,58.16609762521864
737,17.816427641927824
738,89.6798199508194
739,14.739267459127898
740,70.60708037499825
741,18.767303875028386
742,70.89025348652142
743,82.84349711510261
744,106.0
745,20.108755104150493
746,25.014938796691673
747,6.587738957171844
748,24.597742720503895
749,21.260282410359302
750,8.190239288742704
751,51.98827521803169
752,15.405059926781156
753,11.692158505784008
754,74.60749709499777
755,10.803440832859042
756,70.60390277863873
757,21.175706748899856
758,12.800329869860692
759,22.236479897730966
760,7.748279644897317
761,47.36183610697281
762,26.506563669954772
763,48.59216260127887
764,62.0
765,128.0
766,52.780237913892
767,40.43972667796369
768,82.10003387752208
769,51.31527356512467
770,49.843172017359265
771,7.0128496643861515
772,42.34178101979735
773,40.18233017008508
774,13.663737323518504
775,66.52465041283293
776,19.454626524057748
777,13.01194685680568
778,6.144420262121738
779,11.426045114475087
780,10.042135444806863
781,86.21938207429987
782,16.754351835802964
783,13.962896990419557
784,60.86881086883988
785,25.013710659040587
786,43.067123957747754
787,11.113859636407533
788,13.836459970704519
789,9.43510718341139
790,48.17708142295013
791,44.49272895407014
792,13.071049328437708
793,80.69251612778775
794,57.03426626099842
795,9.971947470038392
796,8.3106157813329
797,106.0
798,10.463341187245568
799,57.03377725755504
800,50.42598914503343
801,44.534794182427596
802,65.30188925114489
803,84.0
804,17.01353823864465
805,48.19325932025963
806,73.48665816717408
807,6.68495316343725
808,7.034086578612752
809,20.895051659387185
810,29.893364274019945
811,16.636931448073845
812,10.28342184354705
813,103.20960090308618
814,44.60269246366761
815,108.71527501485279
816,84.0
817,106.0
818,10.688954830324516
819,84.0
820,49.027299708042726
821,65.37644777201601
822,6.152577222114483
823,15.699116189816582
824,16.539363639495836
825,11.500525723092665
826,19.538653691883162
827,21.640139693780306
828,52.02342968301951
829,84.0
830,11.992181581462834
831,9.763688328238427
832,24.045130022470456
833,21.03574263963168
834,84.0
835,23.05703362584724
836,35.20044458700057
837,75.76461367213626
838,16.5235092625566
839,84.0
840,44.251728383062286
841,54.4841475018778
842,128.0
843,18.526880226556386
844,106.0
845,25.087157426857342
846,29.219352006109922
847,84.0
848,19.817712739232746
849,106.0
850,6.950849940460028
851,10.279759279069474
852,8.05235948058749
853,84.0
854,7.028599267922884
855,8.998586617503683
856,61.990960936082544
857,38.93648870417499
858,26.143824648761992
859,93.81716929818415
860,29.89393271048458
861,84.95647028457093
862,21.009192747278743
863,49.641490691477784
864,7.339614773996923
865,43.030172320050625
866,25.058441765369807
867,8.257457095351787
868,39.95876074817552
869,84.0
870,18.314852285976354
871,11.43381797451151
872,8.318276738009843
873,62.3348632897026
874,22.173239110123816
875,26.31594811664838
876,12.058131604391841
877,10.357961950459888
878,84.0
879,55.94335821941353
880,25.89061436368316
881,10.019973590833162
882,13.046648688031993
883,74.47908588871486
884,60.751897658073
885,106.0
886,84.0
887,11.53053498070882
888,12.541266717068524
889,49.47240118189737
890,109.48577525291239
891,28.316073831900333
892,52.668690709904524
893,11.151210911019827
894,6.12368207648878
895,86.8520740059997
896,10.363887258778599
897,86.26094690678333
898,21.14135373585755
899,20.14113657130984
900,6.2758827352328375
901,11.204066050294877
902,80.49292752718081
903,81.19786940250843
904,16.286878807992174
905,8.346074862022359
906,6.252578576759287
907,13.655244079481527
908,80.26058522179757
909,19.902274360966253
910,106.0
911,128.0
912,29.881301277360194
913,84.0
914,52.98427460079608
915,22.476917279329726
916,40.07519343394426
917,17.67390091797588
918,39.12041716570052
919,11.47738147425381
920,53.759375135343866
921,11.866582550673629
922,85.80612902231414
923,27.040582392594914
924,48.39633401050428
925,24.96825605923734
926,10.71388005235805
927,50.50541423044159
928,78.37852764913681
929,16.976346297972597
930,62.41268266551798
931,6.029608029656458
932,42.36862530934159
933,51.64848385264619
934,38.87980610468816
935,57.06830502528398
936,128.0
937,23.516323651713495
938,106.0
939,36.64846881397673
940,28.4931616642685
941,7.684478924204277
942,50.66532362809012
943,27.447036442819574
944,84.0
945,67.61286265143683
946,10.504580626979617
947,7.830109978735983
948,25.756985341514884
949,29.866860654472802
950,8.675273829999306
951,45.36356543042731
952,84.58196722693734
953,42.66354111589974
954,87.83329406862393
955,58.21849944831457
956,78.66895187775343
957,6.292851156645768
958,17.94059216582035
959,32.14291502075915
960,28.920737260022864
961,70.46558126850753
962,39.20059193165118
963,20.97973952707076
964,17.673001262209837
965,75.5277773776343
966,29.862691421474974
967,44.78356063222808
968,82.21091548599259
969,7.617138857007661
970,27.236176623583148
971,78.92446133370522
972,19.320264512713027
973,22.42462804358827
974,10.276882333848423
975,17.285478938045294
976,84.0
977,8.255247252336474
978,106.0
979,75.16007431996613
980,21.058863681963366
981,32.682954995315214
982,81.30988970440933
983,21.57258122110233
984,22.97839688056325
985,40.32183130621134
986,84.0
987,17.156042939807225
988,9.886969105674194
989,49.885249263526525
990,106.0
991,85.69893187107516
992,43.21169640239597
993,8.521118030031975
994,43.31646708496885
995,6.185167645309654
996,10.938633405735931
997,22.628273576176106
998,27.65186477660017
999,74.51991524028399
