6.521483620164698181e+00
5.219988347359558389e+01
1.060000000000000000e+02
2.382166332514855256e+01
5.336547444583523259e+01
6.200000000000000000e+01
4.601813258120264294e+01
8.289324040156390794e+00
8.415899859053477883e+01
7.127590810993653747e+01
1.280000000000000000e+02
5.876579804230974702e+01
2.084559368011797886e+01
1.280000000000000000e+02
2.354236258881114452e+01
1.054422405052012124e+01
6.424630947887581378e+00
1.060000000000000000e+02
7.146578942988350391e+00
6.249213042302823595e+00
4.785357284652594956e+01
5.230014672104262274e+01
7.327439458657966753e+00
3.478288328991138201e+01
7.586404512677134448e+01
2.715798300583979596e+01
2.527550311560694141e+01
3.593922568053560695e+01
8.797982634608347396e+00
4.036958669277822764e+01
8.400000000000000000e+01
6.916016537311456602e+00
8.020862060339504751e+01
7.479729451624628211e+01
1.489810397583786994e+01
1.401759682306758492e+01
1.280000000000000000e+02
6.921848041550688890e+00
3.947691661883986569e+01
1.648330674799832352e+01
1.732399546000569757e+01
1.280000000000000000e+02
4.943075822465181091e+01
2.028387961675664997e+01
8.905269270877770538e+00
4.890605541949419433e+01
6.399902896095174754e+01
6.685437825890111263e+00
2.798779019195102435e+01
4.828903657686498008e+01
5.651769258062511625e+01
7.682056118218036467e+00
5.923349031701958012e+01
1.060000000000000000e+02
1.060000000000000000e+02
1.437687144873394018e+01
1.391729688231761131e+01
8.400000000000000000e+01
2.935000629624283164e+01
1.803256949760086769e+01
4.210989918107287622e+01
6.631662942028848207e+00
1.236818905476623165e+01
5.217506543502706506e+01
5.233744350407318535e+01
7.402014955658429152e+00
2.993088681704158205e+01
1.978157118168062212e+01
9.473688499839663990e+00
9.214084218071528554e+00
1.134316056713828758e+01
8.241224237909241523e+00
3.129691267510007435e+01
2.993904534581159993e+01
8.524281246363448972e+00
1.115191411705353630e+01
7.462215641888320761e+01
4.193630778623631983e+01
4.906016062347839579e+01
7.736757693589930795e+01
4.538302878224891401e+01
9.666116671067493726e+00
3.915302752244090811e+01
2.063454598576295140e+01
8.216354284284912524e+01
5.290786150444060354e+01
6.200000000000000000e+01
6.463187078274356168e+01
4.977457451837784674e+01
7.694807670549286271e+00
1.809010196975770768e+01
8.814470372343450322e+01
1.959935012703681778e+01
1.077492121220490873e+01
5.999757117300909925e+01
1.604086528025158032e+01
4.800329773002543732e+01
1.137922671550960985e+01
6.978974273910921511e+01
1.594171638840957428e+01
1.554053840827189248e+01
9.432061595410181098e+01
2.112842722718830046e+01
7.889291628211920226e+01
6.521005534419956007e+00
7.241947166054065299e+00
5.043266056379506068e+01
7.077574848148819875e+00
1.060000000000000000e+02
8.400000000000000000e+01
7.769268493300019784e+00
8.089023652320967983e+00
6.129233434357372445e+00
1.060000000000000000e+02
8.959274446923149782e+00
1.060000000000000000e+02
8.170712749215130088e+01
1.280000000000000000e+02
4.199006241405210460e+01
9.539784100651148790e+00
1.666267982451633856e+01
6.205329590934783113e+01
7.240525750051320486e+00
4.430578108984023089e+01
4.021234654080092952e+01
2.948922796741832641e+01
2.381238492583572963e+01
6.817018091586050765e+00
9.014112226138404793e+00
4.462000538981481412e+01
1.085708321441811535e+02
4.261368141474745386e+01
2.490540897582316404e+01
1.060000000000000000e+02
5.863475137249589153e+01
2.282116486978956260e+01
5.756695558057596429e+01
5.058432333342655340e+01
5.404357934966199650e+01
9.915482163807052274e+00
5.863210749912852293e+01
1.442665716528469488e+01
1.184837858872685388e+02
7.173578857541261300e+01
8.315993282244217255e+01
1.060000000000000000e+02
4.847434053197584092e+01
7.989194882357961269e+00
4.147197657238987745e+01
8.054156729389556801e+01
8.121975418359966170e+00
2.538690579913873080e+01
4.222313201295579432e+01
4.731060977157113001e+01
2.366616506919152485e+01
3.940294108405630169e+01
4.103295811581763530e+01
9.038915092319487599e+01
1.701603778864211947e+01
6.445417051077293991e+01
7.681243762994347435e+01
8.669554314905900227e+00
6.894296895679536519e+00
6.755239377249512067e+00
8.932475268626467013e+00
4.169684970771706389e+01
6.746175307002483912e+00
4.353634253305989432e+01
1.060000000000000000e+02
6.919219695515437252e+01
1.392704109722575012e+01
5.291737442723270135e+01
5.433461607774768254e+01
2.670309027391614975e+01
8.580794575455291451e+00
7.118608075016426007e+00
5.735724272903649990e+01
1.014101588068684023e+01
7.211423764813814863e+00
2.659435718104256807e+01
6.316703729354270713e+00
1.228582324424501415e+01
2.171180995415473447e+01
1.676948281815950992e+01
5.365565446589005205e+01
7.359858206729717267e+01
2.408475265769365592e+01
1.493101155220847787e+01
8.400000000000000000e+01
5.397855617350928981e+01
9.754045599161324631e+00
1.836862384719678687e+01
4.813189134640943934e+01
4.203265079811816918e+01
5.922436137021186653e+01
5.814841734044544808e+01
1.148085026718621293e+01
3.760390861697889164e+01
8.400000000000000000e+01
2.436878194276523857e+01
2.218593118170098677e+01
6.946292100425051075e+00
9.385111926121073367e+00
8.425038313293585546e+00
1.394087374735496887e+01
4.556892022435663137e+01
5.286191974660285808e+01
2.649190949401004858e+01
8.372821780484500209e+00
7.080880398740054815e+00
1.921300721751734741e+01
1.543356064266074590e+01
5.744230329692288706e+01
2.787000732938802727e+01
8.273490639168597838e+00
1.620619873202545236e+01
1.280000000000000000e+02
1.178225197025767130e+02
1.649208268768921926e+01
8.400000000000000000e+01
2.650609881890783726e+01
7.686569514851275642e+01
1.284721440238811141e+01
1.060000000000000000e+02
8.400000000000000000e+01
1.018790763823636425e+01
7.179837435263894463e+01
1.061439897462423971e+02
1.213786181880200701e+02
1.951773643692255433e+01
9.450720115071064242e+00
7.270716235308876563e+00
2.608771720286005902e+01
5.191319862431395649e+01
1.946616466561417624e+01
4.495493184047827384e+01
4.311512150291957823e+01
3.497671005391391930e+01
4.000000000000000000e+01
1.278936271679367742e+01
7.805821491492256570e+00
2.023850193516816276e+01
1.060000000000000000e+02
8.231050478892200317e+01
7.777785051004138950e+01
7.484721564757681023e+00
5.709261905172816398e+01
9.753683445445868472e+01
1.708873034462893514e+01
9.613295755032229550e+00
4.700407643435617899e+01
2.490348617622283456e+01
1.060000000000000000e+02
1.039606663843150614e+01
7.470127550746445877e+01
6.487682125764488994e+00
9.845524397740575751e+00
1.947544812815213078e+01
3.218804783269425229e+01
5.330543214462944945e+01
1.079470034969751779e+01
6.060315055831230779e+01
1.292375387603178893e+01
4.671047502226822701e+01
2.125734375477953719e+01
1.120420730902790574e+01
9.929319554855432273e+00
6.782863631429160378e+00
4.299458337379678596e+01
6.734587171767239866e+00
1.629011560681778192e+01
2.879948544515503173e+01
2.781518561623678210e+01
2.448407442897375574e+01
1.578447297463183041e+01
6.898736352636609226e+00
1.060000000000000000e+02
1.951406554635000390e+01
8.608197057011602737e+01
8.120118112269484101e+00
7.961024461840422006e+00
2.967522572747059328e+01
5.949099216422428782e+01
7.635045827931863016e+01
8.034774356045289778e+00
9.789021726719637329e+00
2.765911638938505490e+01
8.876887635780856556e+01
1.756444542370541484e+01
1.987053023683503383e+01
8.400000000000000000e+01
2.914037733508786943e+01
1.250201158303777049e+01
4.491625713524037877e+01
2.562415818662748279e+01
7.397179668283492937e+00
1.210661467659388890e+01
2.242139000258342207e+01
5.491900570557756112e+01
8.400000000000000000e+01
6.014040257705235604e+01
1.356651207102945556e+01
2.408295694943303999e+01
8.400000000000000000e+01
3.966237578755547588e+01
4.834440798008508011e+01
2.078425942116128056e+01
2.222798131380634601e+01
9.865913940988909303e+01
8.613945906846392120e+01
2.472259482758243365e+01
2.519455078859355623e+01
7.733957589673772759e+01
4.968110819684235224e+01
2.016133041571092832e+01
3.641332932873893924e+01
2.145226266808956339e+01
1.541890041172944237e+01
3.982179522593598620e+01
6.030434068228196054e+00
1.060000000000000000e+02
4.428087759480094121e+01
1.189138798880718539e+01
5.348974625527593219e+01
2.927398996581401391e+01
3.878012765330513645e+01
4.628960100359061869e+01
4.387210703456169369e+01
2.119839638209503008e+01
6.915621283649148410e+00
1.760386932582907349e+01
1.050817916759845616e+01
1.659125680588794438e+01
1.520940017636194064e+01
8.907727866563486430e+01
1.041655336834011081e+01
2.382206759014429664e+01
8.400000000000000000e+01
1.063764211640170920e+01
2.145517846692021635e+01
5.040555633543828407e+01
6.764212725848190111e+00
4.654811230860005367e+01
1.395063713371741621e+01
4.466044230269937998e+01
8.211355792372490470e+00
4.303253938993907468e+01
1.309070481138390107e+01
8.435688388963567874e+00
1.507895451460184155e+01
9.994786999514801096e+00
1.419099672840514259e+01
1.242044477399715774e+01
5.876109079999258000e+01
4.880134781798603427e+01
1.460705290189296868e+01
5.408301971986824697e+01
5.064601862299842594e+01
1.040809009177573330e+01
7.124538890666171298e+00
6.200000000000000000e+01
1.209367683405749716e+01
1.415571828238409147e+01
5.140473754614841084e+01
1.469610466885542799e+01
3.858197143621363523e+01
6.259406031729112030e+00
5.255822773689044425e+01
2.002980258741406416e+01
7.358388639852114466e+01
2.481709383939770674e+01
1.880746505311835648e+01
1.251429456509519866e+01
1.787834931262178273e+01
7.819451080520483544e+00
2.159720020153294229e+01
4.859900481150692286e+01
2.632441126703340117e+01
3.973229763552296134e+01
1.090717245515616440e+01
1.817058596236183377e+01
8.305466754193595591e+01
4.837012110281066413e+01
2.261321423319021306e+01
1.723727294498075224e+01
2.811268997550690329e+01
4.817002205282626903e+01
2.001007179533252511e+01
2.202057431026545231e+01
5.880191437184210201e+01
7.062770705177702268e+01
9.529336652190064427e+00
3.782525405618649472e+01
7.532745132857790793e+01
5.943009616358830982e+01
1.288339199185997863e+01
2.762387113785219483e+01
1.060000000000000000e+02
5.157861074902747589e+01
1.060000000000000000e+02
2.151173526692598870e+01
4.352197396801810214e+01
1.803955872274332251e+01
5.809892341621083034e+01
4.901376746719506627e+01
3.271303220385649269e+01
2.805214222310115346e+01
6.348128393681432868e+01
1.235263433237883746e+01
4.855912087004626443e+01
5.729194209987422681e+01
8.493683736048605226e+01
1.804205586144757945e+01
1.060000000000000000e+02
2.578302463298351554e+01
1.044289609257884166e+02
5.716707070121024969e+01
6.373048496382551775e+00
1.626502054847623668e+01
2.202614840229081139e+01
1.321215711600852494e+01
1.820684341768216541e+01
1.118858726637190415e+02
2.175765908024642314e+01
1.559092535733396900e+01
1.342510967830120094e+01
8.150526675020358880e+00
1.284575660757093729e+01
3.853191062580705051e+01
1.060000000000000000e+02
5.681498709205129671e+01
4.579168740265276227e+01
1.412829093633877875e+01
1.555798734953108564e+01
5.301876124209640295e+01
2.074252665060381418e+01
2.468300447172248013e+01
1.927063928748861699e+01
6.265027218369354500e+01
7.183200477718518329e+00
8.400000000000000000e+01
1.698857854106970322e+01
9.053959006046436997e+00
6.682723968242992640e+00
8.108965304892188897e+01
8.348635527062763018e+00
1.552675951075825367e+01
4.653592581757749258e+01
3.461371021247558133e+01
6.046971981313386379e+01
1.029179761957334804e+01
5.651308249505471792e+01
8.400000000000000000e+01
1.475406939031596920e+01
4.102812603545338277e+01
1.580310941260655078e+01
1.882540963088161234e+01
9.166429798822624875e+00
8.400000000000000000e+01
2.196365730200382416e+01
7.989302942277186403e+00
1.280000000000000000e+02
3.959484559308523188e+01
8.815797261681176167e+00
9.367265065086409948e+01
2.753352591113825554e+01
3.405556817095879296e+01
5.325603791659336395e+01
1.140031595507968234e+02
2.405185880650137520e+01
1.110348931729525290e+01
6.012824232911654576e+00
2.149940313146480975e+01
7.069144926714571397e+01
1.280000000000000000e+02
1.161852964469417415e+01
6.014932382519316612e+00
4.112775291046320092e+01
4.177346419408938516e+01
4.566009662569016569e+01
1.938875417625020958e+01
1.602037898999916976e+01
6.921363031651216602e+01
7.268305674791245963e+01
1.844766890144107307e+01
7.673483727365470486e+01
4.280467047404398784e+01
1.239889096830401982e+01
1.060000000000000000e+02
8.123068085652636938e+00
1.686455289761452292e+01
1.275716435569049878e+01
4.644681451443302933e+01
7.213564091582598792e+01
6.292403732984361397e+01
2.195994374540766714e+01
1.060000000000000000e+02
1.280000000000000000e+02
1.280000000000000000e+02
2.891146631624324925e+01
4.883018938795346742e+01
1.961215255597076634e+01
4.029909626534501399e+01
1.124240813124322536e+01
5.482197099385049910e+01
7.736619749342244745e+01
9.151658366967854619e+00
7.859786532966626282e+01
6.183587150473030647e+00
5.324155790156277135e+01
6.200000000000000000e+01
6.200000000000000000e+01
1.743673004328640630e+01
1.988013198311926999e+01
9.621835491465283496e+00
1.383012900156769476e+01
8.400000000000000000e+01
8.862541604618137114e+00
7.979461589028878166e+01
6.802130845857213615e+00
6.180451703986048528e+01
1.067232168646570578e+01
3.957760458613569909e+01
1.704820143503954455e+01
7.230096328008436046e+01
8.952634798430779028e+01
7.490421514342569864e+00
2.740936323126886620e+01
1.870563285580092483e+01
1.280000000000000000e+02
1.217472986081883946e+01
1.627350929412922653e+01
1.322602521744133242e+01
4.786523242929454369e+01
6.920562890400033140e+00
1.674941762520712984e+01
7.982052957327672971e+01
8.400000000000000000e+01
7.667108747864345375e+00
3.584411289726655525e+01
9.927033380908783400e+00
2.357391007982309361e+01
2.727258944467154933e+01
4.026795941067702955e+01
1.422038405394166638e+01
2.008851293475268207e+01
4.471896054317420521e+01
2.270406514935669051e+01
6.713387470958612546e+00
6.718635284453326584e+00
8.952681395848512125e+01
4.436383169973657914e+01
1.188645270206102467e+01
8.337149072325631494e+01
4.062868202970252440e+01
4.559440744727852035e+01
2.719487403268917092e+01
1.174893454951417837e+01
2.329879267671315546e+01
5.017843666319532758e+01
1.224123159564637398e+01
1.938377293605712026e+01
6.712027301259793965e+00
4.505735907575871124e+01
1.093296986810699067e+01
8.815334209394798393e+00
2.327947518258752169e+01
7.287809518749469362e+01
8.400000000000000000e+01
1.155814496418725099e+02
1.060000000000000000e+02
7.841845712310032468e+00
4.781451261154337828e+01
7.142046859560931438e+00
8.400000000000000000e+01
1.839457146967680501e+01
3.334886192805606697e+01
1.246696404884215958e+01
8.400000000000000000e+01
2.399307445380961568e+01
1.005380928382250261e+01
2.085286221023432063e+01
5.996612386495823444e+01
5.034529563762865223e+01
4.346611481719159542e+01
7.978033547157390615e+01
1.392544604778425388e+01
8.400000000000000000e+01
7.800395261964276017e+00
7.744996833307579820e+00
6.200000000000000000e+01
7.118517865841741354e+01
2.531343805607495412e+01
8.357208384311650207e+01
1.031709127440101703e+01
1.023315930644146832e+01
1.425931500390418449e+01
1.979890554524957480e+01
4.306251622577735816e+01
3.680813467435719133e+01
2.303709979059036073e+01
3.012763034629656289e+01
5.515644225299531200e+01
2.182491549283893661e+01
1.293500777596568696e+01
9.206380292248580588e+01
2.424921459211670793e+01
1.145686565122182401e+02
7.985413398094106441e+00
1.848440732002942966e+01
2.620498757372374854e+01
6.025386942530071899e+00
5.564390013066009999e+01
6.635330541709941521e+00
1.794628917190301820e+01
1.399458182207124679e+01
7.236702155356783805e+01
8.025557890648688186e+00
6.223628470497962084e+00
4.134779150396963132e+01
1.956074115121853652e+01
3.920668107942712055e+01
4.050159234183125534e+01
4.703824845000573873e+01
5.203739218439459790e+01
8.770219531418062786e+01
2.483141158493098288e+01
1.060000000000000000e+02
2.522314005845530005e+01
1.918243197159638669e+01
6.067572708851173502e+00
5.337512524247805601e+01
4.336876782508971928e+01
1.407793039539140700e+01
1.038748582717924762e+01
1.003633188955813011e+02
1.302410574492437512e+01
1.409032106159266284e+01
5.504300762560878724e+01
3.478106346110502045e+01
6.881185426358986668e+00
2.505440913086403398e+01
1.155953699332027895e+02
4.954600819503363596e+01
6.200000000000000000e+01
3.715958040986468092e+01
1.150936123452112980e+01
2.129438638925142158e+01
2.308822545545665150e+01
1.413009344182478877e+01
2.866112485376265795e+01
4.511392771519143707e+01
1.707674164067876887e+01
1.079115134612264448e+01
5.375529072414038012e+01
5.703883177186179410e+01
1.060000000000000000e+02
2.131887899408987863e+01
1.671163870966143250e+01
2.057997522487275788e+01
1.054349852873176445e+02
1.060000000000000000e+02
2.355658949645485123e+01
1.060000000000000000e+02
5.614992324549106684e+01
1.280000000000000000e+02
5.481447217580682008e+01
1.176653799446437532e+01
4.166723511767024490e+01
1.060000000000000000e+02
2.173091408847696471e+01
9.807994062687463099e+00
2.542935432079356417e+01
1.906979294890740917e+01
4.520230880448281852e+01
2.530722895766754021e+01
5.170559606099391203e+01
7.497530381025924839e+01
2.930296995438488139e+01
7.576061798842430051e+01
7.797417198576511943e+00
5.260615309929715266e+01
1.520111941893554963e+01
4.948479196933664781e+01
1.511412338278480760e+01
1.647125030089564035e+01
8.971561672599689530e+01
2.730785401990439354e+01
4.627590810339429339e+01
2.607259002276684257e+01
1.567961483839214409e+01
1.526158190606565412e+01
8.407570246346100618e+00
1.060000000000000000e+02
7.345352771799116454e+01
1.785250977431158148e+01
4.401377206030218048e+01
1.078719408001181002e+01
6.554229976071795249e+00
1.060000000000000000e+02
4.212641584550816276e+01
1.252517077020204184e+01
8.823324366742909319e+00
7.745433987059514891e+01
1.034519956102375815e+01
5.558231976740903235e+01
9.270462334348589906e+00
1.083616536154076186e+02
1.060000000000000000e+02
1.907226045130767389e+01
1.014011093743389580e+01
9.292485657566722068e+00
4.685532454968137017e+01
6.902980035473771814e+00
1.633683685729826607e+01
5.709075172094239292e+01
2.009600476010014347e+01
2.231554002154276262e+01
8.106676304453260684e+01
1.148215132309072573e+01
1.007050592150203627e+01
1.104103683931816526e+01
2.254616290350741181e+01
1.373242370642568488e+01
1.344535423387361206e+01
2.115979810303683806e+01
1.060000000000000000e+02
8.400000000000000000e+01
1.219496388533595344e+01
2.968926528459045500e+01
1.060000000000000000e+02
2.297349915197384007e+01
1.836144036898167187e+01
1.102777329209160655e+02
1.719670558557592344e+01
1.961613832113196310e+01
5.816609762521864013e+01
1.781642764192782380e+01
8.967981995081939317e+01
1.473926745912789826e+01
7.060708037499824741e+01
1.876730387502838582e+01
7.089025348652141645e+01
8.284349711510260761e+01
1.060000000000000000e+02
2.010875510415049305e+01
2.501493879669167342e+01
6.587738957171843879e+00
2.459774272050389499e+01
2.126028241035930222e+01
8.190239288742704460e+00
5.198827521803168850e+01
1.540505992678115632e+01
1.169215850578400762e+01
7.460749709499776827e+01
1.080344083285904233e+01
7.060390277863872655e+01
2.117570674889985582e+01
1.280032986986069155e+01
2.223647989773096612e+01
7.748279644897317020e+00
4.736183610697280955e+01
2.650656366995477242e+01
4.859216260127887210e+01
6.200000000000000000e+01
1.280000000000000000e+02
5.278023791389200170e+01
4.043972667796369080e+01
8.210003387752207971e+01
5.131527356512467009e+01
4.984317201735926517e+01
7.012849664386151538e+00
4.234178101979735231e+01
4.018233017008508057e+01
1.366373732351850379e+01
6.652465041283292635e+01
1.945462652405774762e+01
1.301194685680568064e+01
6.144420262121737863e+00
1.142604511447508742e+01
1.004213544480686338e+01
8.621938207429987244e+01
1.675435183580296439e+01
1.396289699041955679e+01
6.086881086883987990e+01
2.501371065904058710e+01
4.306712395774775359e+01
1.111385963640753261e+01
1.383645997070451905e+01
9.435107183411389542e+00
4.817708142295013118e+01
4.449272895407013806e+01
1.307104932843770762e+01
8.069251612778775495e+01
5.703426626099842167e+01
9.971947470038392325e+00
8.310615781332899132e+00
1.060000000000000000e+02
1.046334118724556816e+01
5.703377725755503747e+01
5.042598914503342655e+01
4.453479418242759635e+01
6.530188925114488541e+01
8.400000000000000000e+01
1.701353823864464943e+01
4.819325932025962800e+01
7.348665816717408461e+01
6.684953163437249657e+00
7.034086578612751772e+00
2.089505165938718534e+01
2.989336427401994456e+01
1.663693144807384527e+01
1.028342184354704969e+01
1.032096009030861836e+02
4.460269246366760854e+01
1.087152750148527929e+02
8.400000000000000000e+01
1.060000000000000000e+02
1.068895483032451565e+01
8.400000000000000000e+01
4.902729970804272597e+01
6.537644777201600732e+01
6.152577222114483213e+00
1.569911618981658208e+01
1.653936363949583566e+01
1.150052572309266452e+01
1.953865369188316237e+01
2.164013969378030566e+01
5.202342968301950776e+01
8.400000000000000000e+01
1.199218158146283386e+01
9.763688328238426806e+00
2.404513002247045605e+01
2.103574263963167823e+01
8.400000000000000000e+01
2.305703362584723948e+01
3.520044458700056822e+01
7.576461367213626374e+01
1.652350926255660113e+01
8.400000000000000000e+01
4.425172838306228584e+01
5.448414750187779987e+01
1.280000000000000000e+02
1.852688022655638633e+01
1.060000000000000000e+02
2.508715742685734185e+01
2.921935200610992212e+01
8.400000000000000000e+01
1.981771273923274634e+01
1.060000000000000000e+02
6.950849940460027909e+00
1.027975927906947362e+01
8.052359480587490737e+00
8.400000000000000000e+01
7.028599267922883698e+00
8.998586617503683271e+00
6.199096093608254421e+01
3.893648870417499097e+01
2.614382464876199208e+01
9.381716929818415451e+01
2.989393271048458089e+01
8.495647028457092631e+01
2.100919274727874253e+01
4.964149069147778448e+01
7.339614773996922636e+00
4.303017232005062453e+01
2.505844176536980683e+01
8.257457095351787402e+00
3.995876074817552137e+01
8.400000000000000000e+01
1.831485228597635384e+01
1.143381797451150916e+01
8.318276738009842575e+00
6.233486328970259649e+01
2.217323911012381643e+01
2.631594811664837863e+01
1.205813160439184095e+01
1.035796195045988810e+01
8.400000000000000000e+01
5.594335821941353259e+01
2.589061436368315938e+01
1.001997359083316219e+01
1.304664868803199340e+01
7.447908588871486302e+01
6.075189765807299835e+01
1.060000000000000000e+02
8.400000000000000000e+01
1.153053498070882021e+01
1.254126671706852392e+01
4.947240118189736791e+01
1.094857752529123900e+02
2.831607383190033289e+01
5.266869070990452428e+01
1.115121091101982742e+01
6.123682076488780268e+00
8.685207400599969674e+01
1.036388725877859862e+01
8.626094690678333166e+01
2.114135373585754962e+01
2.014113657130983981e+01
6.275882735232837462e+00
1.120406605029487679e+01
8.049292752718081090e+01
8.119786940250843088e+01
1.628687880799217425e+01
8.346074862022359042e+00
6.252578576759287188e+00
1.365524407948152685e+01
8.026058522179756949e+01
1.990227436096625269e+01
1.060000000000000000e+02
1.280000000000000000e+02
2.988130127736019404e+01
8.400000000000000000e+01
5.298427460079607698e+01
2.247691727932972583e+01
4.007519343394425704e+01
1.767390091797588170e+01
3.912041716570052330e+01
1.147738147425381072e+01
5.375937513534386625e+01
1.186658255067362866e+01
8.580612902231413841e+01
2.704058239259491359e+01
4.839633401050428319e+01
2.496825605923734059e+01
1.071388005235804997e+01
5.050541423044158762e+01
7.837852764913681369e+01
1.697634629797259720e+01
6.241268266551797694e+01
6.029608029656458257e+00
4.236862530934158855e+01
5.164848385264618713e+01
3.887980610468815712e+01
5.706830502528398341e+01
1.280000000000000000e+02
2.351632365171349548e+01
1.060000000000000000e+02
3.664846881397672718e+01
2.849316166426849861e+01
7.684478924204277028e+00
5.066532362809012113e+01
2.744703644281957367e+01
8.400000000000000000e+01
6.761286265143682783e+01
1.050458062697961736e+01
7.830109978735983134e+00
2.575698534151488417e+01
2.986686065447280214e+01
8.675273829999305519e+00
4.536356543042730749e+01
8.458196722693733705e+01
4.266354111589973996e+01
8.783329406862392830e+01
5.821849944831456725e+01
7.866895187775342890e+01
6.292851156645768107e+00
1.794059216582035177e+01
3.214291502075914764e+01
2.892073726002286449e+01
7.046558126850753467e+01
3.920059193165118216e+01
2.097973952707075895e+01
1.767300126220983714e+01
7.552777737763429400e+01
2.986269142147497391e+01
4.478356063222808103e+01
8.221091548599258658e+01
7.617138857007661024e+00
2.723617662358314817e+01
7.892446133370522432e+01
1.932026451271302747e+01
2.242462804358827100e+01
1.027688233384842320e+01
1.728547893804529423e+01
8.400000000000000000e+01
8.255247252336474162e+00
1.060000000000000000e+02
7.516007431996612809e+01
2.105886368196336633e+01
3.268295499531521386e+01
8.130988970440932917e+01
2.157258122110232890e+01
2.297839688056324903e+01
4.032183130621133671e+01
8.400000000000000000e+01
1.715604293980722517e+01
9.886969105674193514e+00
4.988524926352652500e+01
1.060000000000000000e+02
8.569893187107516042e+01
4.321169640239597243e+01
8.521118030031974655e+00
4.331646708496884912e+01
6.185167645309653572e+00
1.093863340573593135e+01
2.262827357617610602e+01
2.765186477660017061e+01
7.451991524028399283e+01
